POINTS 16
0.6 0.6 0.6
1. 0.6 0.6
1. 1.4 0.6
0.6 1.4 0.6
0.6 0.6 1.4
1. 0.6 1.4
1. 1.4 1.4
0.6 1.4 1.4
1. 0.6 0.6
1.4 0.6 0.6
1.4 1.4 0.6
1. 1.4 0.6
1. 0.6 1.4
1.4 0.6 1.4
1.4 1.4 1.4
1. 1.4 1.4

SOLIDE 2

PARTICULE 6 0
POSITION  0.8 1 1
VITESSE 1. 0. 0.
VITROT 0. 0. 0.
4 0 3 2 1 -1
4 7 4 5 6 -1
4 0 4 7 3 -1
4 1 2 6 5 1
4 4 0 1 5 -1
4 3 7 6 2 -1

PARTICULE 6 0
POSITION  1.2 1 1
VITESSE 1. 0. 0.
VITROT 0. 0. 0.
4 8 11 10 9 -1
4 15 12 13 14 -1
4 8 12 15 11 0
4 9 10 14 13 -1
4 12 8 9 13 -1
4 11 15 14 10 -1