POINTS 32
0.6 0.6 0.6
0.8 0.6 0.6
0.8 1.4 0.6
0.6 1.4 0.6
0.6 0.6 1.4
0.8 0.6 1.4
0.8 1.4 1.4
0.6 1.4 1.4
0.8 0.6 0.6
1. 0.6 0.6
1. 1.4 0.6
0.8 1.4 0.6
0.8 0.6 1.4
1. 0.6 1.4
1. 1.4 1.4
0.8 1.4 1.4
1. 0.6 0.6
1.2 0.6 0.6
1.2 1.4 0.6
1. 1.4 0.6
1. 0.6 1.4
1.2 0.6 1.4
1.2 1.4 1.4
1. 1.4 1.4
1.2 0.6 0.6
1.4 0.6 0.6
1.4 1.4 0.6
1.2 1.4 0.6
1.2 0.6 1.4
1.4 0.6 1.4
1.4 1.4 1.4
1.2 1.4 1.4

SOLIDE 4

PARTICULE 6 0
POSITION  0.7 1 1
VITESSE 1. 0. 0.
VITROT 0. 0. 0.
4 0 3 2 1 -1
4 7 4 5 6 -1
4 0 4 7 3 -1
4 1 2 6 5 1
4 4 0 1 5 -1
4 3 7 6 2 -1

PARTICULE 6 0
POSITION  0.9 1 1
VITESSE 1. 0. 0.
VITROT 0. 0. 0.
4 8 11 10 9 -1
4 15 12 13 14 -1
4 8 12 15 11 0
4 9 10 14 13 2
4 12 8 9 13 -1
4 11 15 14 10 -1


PARTICULE 6 0
POSITION  1.1 1 1
VITESSE 1. 0. 0.
VITROT 0. 0. 0.
4 16 19 18 17 -1
4 23 20 21 22 -1
4 16 20 23 19 1
4 17 18 22 21 3
4 20 16 17 21 -1
4 19 23 22 18 -1


PARTICULE 6 0
POSITION  1.3 1 1
VITESSE 1. 0. 0.
VITROT 0. 0. 0.
4 24 27 26 25 -1
4 31 28 29 30 -1
4 24 28 31 27 2
4 25 26 30 29 -1
4 28 24 25 29 -1
4 27 31 30 26 -1